<!DOCTYPE html>
<!-- Generated by pkgdown: do not edit by hand --><html lang="en"><head><meta http-equiv="Content-Type" content="text/html; charset=UTF-8"><!-- upstream: inst/BS5/templates/head.html; pkgdown-version: 2.1.3, fe04924 --><!-- https://github.com/r-lib/pkgdown/tree/fe04924b3df129bea60ac871614b01d87bcae147 --><meta charset="utf-8"><meta http-equiv="X-UA-Compatible" content="IE=edge"><meta name="viewport" content="width=device-width, initial-scale=1, shrink-to-fit=no"><title>Table Creation for Posterior Draws — posterior_table • brms</title><!-- favicons --><link rel="icon" type="image/png" sizes="96x96" href="../favicon-96x96.png"><link rel="icon" type="”image/svg+xml”" href="../favicon.svg"><link rel="apple-touch-icon" sizes="180x180" href="../apple-touch-icon.png"><link rel="icon" sizes="any" href="../favicon.ico"><link rel="manifest" href="../site.webmanifest"><!-- mathjax math --><script id="MathJax-script" async src="https://cdn.jsdelivr.net/npm/mathjax@4.0.0/tex-mml-chtml.js" integrity="sha256-qoRlVrS5NAnXSSSiMfFXwK8C9obG11Iybe4h2+bQYR4=" crossorigin="anonymous">
  </script><script src="../lightswitch.js"></script><script src="../deps/jquery-3.6.0/jquery-3.6.0.min.js"></script><meta name="viewport" content="width=device-width, initial-scale=1, shrink-to-fit=no"><link href="../deps/bootstrap-5.3.8/bootstrap.min.css" rel="stylesheet"><script src="../deps/bootstrap-5.3.8/bootstrap.bundle.min.js"></script><link href="../deps/Source_Sans_3-0.4.10/font.css" rel="stylesheet"><link href="../deps/Source_Code_Pro-0.4.10/font.css" rel="stylesheet"><link href="../deps/font-awesome-6.5.2/css/all.min.css" rel="stylesheet"><link href="../deps/font-awesome-6.5.2/css/v4-shims.min.css" rel="stylesheet"><script src="../deps/headroom-0.11.0/headroom.min.js"></script><script src="../deps/headroom-0.11.0/jQuery.headroom.min.js"></script><script src="../deps/bootstrap-toc-1.0.1/bootstrap-toc.min.js"></script><script src="../deps/clipboard.js-2.0.11/clipboard.min.js"></script><script src="../deps/search-1.0.0/autocomplete.jquery.min.js"></script><script src="../deps/search-1.0.0/fuse.min.js"></script><script src="../deps/search-1.0.0/mark.min.js"></script><!-- Font Awesome 7.0.1 for Bluesky icon --><link rel="stylesheet" href="https://cdnjs.cloudflare.com/ajax/libs/font-awesome/7.0.1/css/all.min.css" referrerpolicy="no-referrer"><!-- pkgdown --><script src="../pkgdown.js"></script><meta property="og:title" content="Table Creation for Posterior Draws — posterior_table"><meta name="description" content="Create a table for unique values of posterior draws.
This is usually only useful when summarizing predictions
of ordinal models."><meta property="og:description" content="Create a table for unique values of posterior draws.
This is usually only useful when summarizing predictions
of ordinal models."><meta property="og:image" content="https://paulbuerkner.com/brms/logo.svg"></head><body>
    <a href="#main" class="visually-hidden-focusable">Skip to contents</a>


    <!-- upstream: inst/BS5/templates/navbar.html; pkgdown-version: 2.1.3, fe04924 -->
<!-- https://github.com/r-lib/pkgdown/tree/fe04924b3df129bea60ac871614b01d87bcae147 -->
<nav class="navbar navbar-expand-lg fixed-top " aria-label="Site navigation"><div class="container">


    <a class="navbar-brand me-2" href="../index.html">
      <!-- Add Stan logo -->
      <picture><source type="image/svg+xml" srcset="../logo.svg"><img src="../logo.png" class="stan-logo" alt="Stan blue hex logo"></source></picture>
      brms
    </a>

    <small class="nav-text text-muted me-auto" data-bs-toggle="tooltip" data-bs-placement="bottom" title="Released version">2.23.1</small>


    <button class="navbar-toggler" type="button" data-bs-toggle="collapse" data-bs-target="#navbar" aria-controls="navbar" aria-expanded="false" aria-label="Toggle navigation">
      <span class="navbar-toggler-icon"></span>
    </button>

    <div id="navbar" class="collapse navbar-collapse ms-3">
      <ul class="navbar-nav me-auto"><li class="nav-item"><a class="nav-link" href="../index.html" aria-label="Go to homepage"><span class="fa fa-home fa-lg"></span></a></li>
<li class="nav-item"><a class="nav-link" href="../articles/index.html">Vignettes</a></li>
<li class="active nav-item"><a class="nav-link" href="../reference/index.html">Functions</a></li>
<li class="nav-item"><a class="nav-link" href="../news/index.html">Changelog</a></li>
<li class="nav-item dropdown">
  <button class="nav-link dropdown-toggle" type="button" id="dropdown-other-packages" data-bs-toggle="dropdown" aria-expanded="false" aria-haspopup="true">Other Packages</button>
  <ul class="dropdown-menu" aria-labelledby="dropdown-other-packages"><li><a class="external-link dropdown-item" href="https://mc-stan.org/bayesplot">bayesplot</a></li>
    <li><a class="external-link dropdown-item" href="https://mc-stan.org/cmdstanr">cmdstanr</a></li>
    <li><a class="external-link dropdown-item" href="https://mc-stan.org/posterior">posterior</a></li>
    <li><a class="external-link dropdown-item" href="https://mc-stan.org/projpred">projpred</a></li>
    <li><a class="external-link dropdown-item" href="https://mc-stan.org/rstan">rstan</a></li>
    <li><a class="external-link dropdown-item" href="https://mc-stan.org/rstanarm">rstanarm</a></li>
    <li><a class="external-link dropdown-item" href="https://mc-stan.org/rstantools">rstantools</a></li>
    <li><a class="external-link dropdown-item" href="https://mc-stan.org/shinystan">shinystan</a></li>
  </ul></li>
<li class="nav-item"><a class="external-link nav-link" href="https://mc-stan.org/about/">About Stan</a></li>
      </ul><ul class="navbar-nav"><li class="nav-item"><form class="form-inline" role="search">
 <input class="form-control" type="search" name="search-input" id="search-input" autocomplete="off" aria-label="Search site" placeholder="Search for" data-search-index="../search.json"></form></li>
<li class="nav-item"><a class="external-link nav-link" href="https://bsky.app/profile/did:plc:qznndgdnkem2yryu7ipqbpv7" aria-label="Visit our Bluesky profile"><span class="fa fa-brands fa-bluesky"></span></a></li>
<li class="nav-item"><a class="external-link nav-link" href="https://discourse.mc-stan.org/" aria-label="Visit our forums"><span class="fa fa-users"></span></a></li>
<li class="nav-item"><a class="external-link nav-link" href="https://github.com/paul-buerkner/brms/" aria-label="GitHub"><span class="fa fab fa-github fa-lg"></span></a></li>
<li class="nav-item dropdown">
  <button class="nav-link dropdown-toggle" type="button" id="dropdown-lightswitch" data-bs-toggle="dropdown" aria-expanded="false" aria-haspopup="true" aria-label="Light switch"><span class="fa fa-sun"></span></button>
  <ul class="dropdown-menu dropdown-menu-end" aria-labelledby="dropdown-lightswitch"><li><button class="dropdown-item" data-bs-theme-value="light"><span class="fa fa-sun"></span> Light</button></li>
    <li><button class="dropdown-item" data-bs-theme-value="dark"><span class="fa fa-moon"></span> Dark</button></li>
    <li><button class="dropdown-item" data-bs-theme-value="auto"><span class="fa fa-adjust"></span> Auto</button></li>
  </ul></li>
      </ul></div>


  </div>
</nav><div class="container template-reference-topic">
<div class="row">
  <main id="main" class="col-md-9"><div class="page-header">
      <img src="../logo.svg" class="logo" alt=""><h1>Table Creation for Posterior Draws</h1>
      <small class="dont-index">Source: <a href="https://github.com/paul-buerkner/brms/blob/fix-pkgdown/R/summary.R" class="external-link"><code>R/summary.R</code></a></small>
      <div class="d-none name"><code>posterior_table.Rd</code></div>
    </div>

    <div class="ref-description section level2">
    <p>Create a table for unique values of posterior draws.
This is usually only useful when summarizing predictions
of ordinal models.</p>
    </div>

    <div class="section level2">
    <h2 id="ref-usage">Usage<a class="anchor" aria-label="anchor" href="#ref-usage"></a></h2>
    <div class="sourceCode"><pre class="sourceCode r"><code><span><span class="fu">posterior_table</span><span class="op">(</span><span class="va">x</span>, levels <span class="op">=</span> <span class="cn">NULL</span><span class="op">)</span></span></code></pre></div>
    </div>

    <div class="section level2">
    <h2 id="arguments">Arguments<a class="anchor" aria-label="anchor" href="#arguments"></a></h2>


<dl><dt id="arg-x">x<a class="anchor" aria-label="anchor" href="#arg-x"></a></dt>
<dd><p>A matrix of posterior draws where rows
indicate draws and columns indicate parameters.</p></dd>


<dt id="arg-levels">levels<a class="anchor" aria-label="anchor" href="#arg-levels"></a></dt>
<dd><p>Optional values of possible posterior values.
Defaults to all unique values in <code>x</code>.</p></dd>

</dl></div>
    <div class="section level2">
    <h2 id="value">Value<a class="anchor" aria-label="anchor" href="#value"></a></h2>
    <p>A matrix where rows indicate parameters
 and columns indicate the unique values of
 posterior draws.</p>
    </div>

    <div class="section level2">
    <h2 id="ref-examples">Examples<a class="anchor" aria-label="anchor" href="#ref-examples"></a></h2>
    <div class="sourceCode"><pre class="sourceCode r"><code><span class="r-in"><span><span class="co"># \dontrun{</span></span></span>
<span class="r-in"><span><span class="va">fit</span> <span class="op">&lt;-</span> <span class="fu"><a href="brm.html">brm</a></span><span class="op">(</span><span class="va">rating</span> <span class="op">~</span> <span class="va">period</span> <span class="op">+</span> <span class="va">carry</span> <span class="op">+</span> <span class="va">treat</span>,</span></span>
<span class="r-in"><span>           data <span class="op">=</span> <span class="va">inhaler</span>, family <span class="op">=</span> <span class="fu"><a href="brmsfamily.html">cumulative</a></span><span class="op">(</span><span class="op">)</span><span class="op">)</span></span></span>
<span class="r-msg co"><span class="r-pr">#&gt;</span> Compiling Stan program...</span>
<span class="r-msg co"><span class="r-pr">#&gt;</span> Start sampling</span>
<span class="r-out co"><span class="r-pr">#&gt;</span> </span>
<span class="r-out co"><span class="r-pr">#&gt;</span> SAMPLING FOR MODEL 'anon_model' NOW (CHAIN 1).</span>
<span class="r-out co"><span class="r-pr">#&gt;</span> Chain 1: </span>
<span class="r-out co"><span class="r-pr">#&gt;</span> Chain 1: Gradient evaluation took 8.9e-05 seconds</span>
<span class="r-out co"><span class="r-pr">#&gt;</span> Chain 1: 1000 transitions using 10 leapfrog steps per transition would take 0.89 seconds.</span>
<span class="r-out co"><span class="r-pr">#&gt;</span> Chain 1: Adjust your expectations accordingly!</span>
<span class="r-out co"><span class="r-pr">#&gt;</span> Chain 1: </span>
<span class="r-out co"><span class="r-pr">#&gt;</span> Chain 1: </span>
<span class="r-out co"><span class="r-pr">#&gt;</span> Chain 1: Iteration:    1 / 2000 [  0%]  (Warmup)</span>
<span class="r-out co"><span class="r-pr">#&gt;</span> Chain 1: Iteration:  200 / 2000 [ 10%]  (Warmup)</span>
<span class="r-out co"><span class="r-pr">#&gt;</span> Chain 1: Iteration:  400 / 2000 [ 20%]  (Warmup)</span>
<span class="r-out co"><span class="r-pr">#&gt;</span> Chain 1: Iteration:  600 / 2000 [ 30%]  (Warmup)</span>
<span class="r-out co"><span class="r-pr">#&gt;</span> Chain 1: Iteration:  800 / 2000 [ 40%]  (Warmup)</span>
<span class="r-out co"><span class="r-pr">#&gt;</span> Chain 1: Iteration: 1000 / 2000 [ 50%]  (Warmup)</span>
<span class="r-out co"><span class="r-pr">#&gt;</span> Chain 1: Iteration: 1001 / 2000 [ 50%]  (Sampling)</span>
<span class="r-out co"><span class="r-pr">#&gt;</span> Chain 1: Iteration: 1200 / 2000 [ 60%]  (Sampling)</span>
<span class="r-out co"><span class="r-pr">#&gt;</span> Chain 1: Iteration: 1400 / 2000 [ 70%]  (Sampling)</span>
<span class="r-out co"><span class="r-pr">#&gt;</span> Chain 1: Iteration: 1600 / 2000 [ 80%]  (Sampling)</span>
<span class="r-out co"><span class="r-pr">#&gt;</span> Chain 1: Iteration: 1800 / 2000 [ 90%]  (Sampling)</span>
<span class="r-out co"><span class="r-pr">#&gt;</span> Chain 1: Iteration: 2000 / 2000 [100%]  (Sampling)</span>
<span class="r-out co"><span class="r-pr">#&gt;</span> Chain 1: </span>
<span class="r-out co"><span class="r-pr">#&gt;</span> Chain 1:  Elapsed Time: 0.741 seconds (Warm-up)</span>
<span class="r-out co"><span class="r-pr">#&gt;</span> Chain 1:                0.623 seconds (Sampling)</span>
<span class="r-out co"><span class="r-pr">#&gt;</span> Chain 1:                1.364 seconds (Total)</span>
<span class="r-out co"><span class="r-pr">#&gt;</span> Chain 1: </span>
<span class="r-out co"><span class="r-pr">#&gt;</span> </span>
<span class="r-out co"><span class="r-pr">#&gt;</span> SAMPLING FOR MODEL 'anon_model' NOW (CHAIN 2).</span>
<span class="r-out co"><span class="r-pr">#&gt;</span> Chain 2: </span>
<span class="r-out co"><span class="r-pr">#&gt;</span> Chain 2: Gradient evaluation took 8.9e-05 seconds</span>
<span class="r-out co"><span class="r-pr">#&gt;</span> Chain 2: 1000 transitions using 10 leapfrog steps per transition would take 0.89 seconds.</span>
<span class="r-out co"><span class="r-pr">#&gt;</span> Chain 2: Adjust your expectations accordingly!</span>
<span class="r-out co"><span class="r-pr">#&gt;</span> Chain 2: </span>
<span class="r-out co"><span class="r-pr">#&gt;</span> Chain 2: </span>
<span class="r-out co"><span class="r-pr">#&gt;</span> Chain 2: Iteration:    1 / 2000 [  0%]  (Warmup)</span>
<span class="r-out co"><span class="r-pr">#&gt;</span> Chain 2: Iteration:  200 / 2000 [ 10%]  (Warmup)</span>
<span class="r-out co"><span class="r-pr">#&gt;</span> Chain 2: Iteration:  400 / 2000 [ 20%]  (Warmup)</span>
<span class="r-out co"><span class="r-pr">#&gt;</span> Chain 2: Iteration:  600 / 2000 [ 30%]  (Warmup)</span>
<span class="r-out co"><span class="r-pr">#&gt;</span> Chain 2: Iteration:  800 / 2000 [ 40%]  (Warmup)</span>
<span class="r-out co"><span class="r-pr">#&gt;</span> Chain 2: Iteration: 1000 / 2000 [ 50%]  (Warmup)</span>
<span class="r-out co"><span class="r-pr">#&gt;</span> Chain 2: Iteration: 1001 / 2000 [ 50%]  (Sampling)</span>
<span class="r-out co"><span class="r-pr">#&gt;</span> Chain 2: Iteration: 1200 / 2000 [ 60%]  (Sampling)</span>
<span class="r-out co"><span class="r-pr">#&gt;</span> Chain 2: Iteration: 1400 / 2000 [ 70%]  (Sampling)</span>
<span class="r-out co"><span class="r-pr">#&gt;</span> Chain 2: Iteration: 1600 / 2000 [ 80%]  (Sampling)</span>
<span class="r-out co"><span class="r-pr">#&gt;</span> Chain 2: Iteration: 1800 / 2000 [ 90%]  (Sampling)</span>
<span class="r-out co"><span class="r-pr">#&gt;</span> Chain 2: Iteration: 2000 / 2000 [100%]  (Sampling)</span>
<span class="r-out co"><span class="r-pr">#&gt;</span> Chain 2: </span>
<span class="r-out co"><span class="r-pr">#&gt;</span> Chain 2:  Elapsed Time: 0.674 seconds (Warm-up)</span>
<span class="r-out co"><span class="r-pr">#&gt;</span> Chain 2:                0.659 seconds (Sampling)</span>
<span class="r-out co"><span class="r-pr">#&gt;</span> Chain 2:                1.333 seconds (Total)</span>
<span class="r-out co"><span class="r-pr">#&gt;</span> Chain 2: </span>
<span class="r-out co"><span class="r-pr">#&gt;</span> </span>
<span class="r-out co"><span class="r-pr">#&gt;</span> SAMPLING FOR MODEL 'anon_model' NOW (CHAIN 3).</span>
<span class="r-out co"><span class="r-pr">#&gt;</span> Chain 3: </span>
<span class="r-out co"><span class="r-pr">#&gt;</span> Chain 3: Gradient evaluation took 8.2e-05 seconds</span>
<span class="r-out co"><span class="r-pr">#&gt;</span> Chain 3: 1000 transitions using 10 leapfrog steps per transition would take 0.82 seconds.</span>
<span class="r-out co"><span class="r-pr">#&gt;</span> Chain 3: Adjust your expectations accordingly!</span>
<span class="r-out co"><span class="r-pr">#&gt;</span> Chain 3: </span>
<span class="r-out co"><span class="r-pr">#&gt;</span> Chain 3: </span>
<span class="r-out co"><span class="r-pr">#&gt;</span> Chain 3: Iteration:    1 / 2000 [  0%]  (Warmup)</span>
<span class="r-out co"><span class="r-pr">#&gt;</span> Chain 3: Iteration:  200 / 2000 [ 10%]  (Warmup)</span>
<span class="r-out co"><span class="r-pr">#&gt;</span> Chain 3: Iteration:  400 / 2000 [ 20%]  (Warmup)</span>
<span class="r-out co"><span class="r-pr">#&gt;</span> Chain 3: Iteration:  600 / 2000 [ 30%]  (Warmup)</span>
<span class="r-out co"><span class="r-pr">#&gt;</span> Chain 3: Iteration:  800 / 2000 [ 40%]  (Warmup)</span>
<span class="r-out co"><span class="r-pr">#&gt;</span> Chain 3: Iteration: 1000 / 2000 [ 50%]  (Warmup)</span>
<span class="r-out co"><span class="r-pr">#&gt;</span> Chain 3: Iteration: 1001 / 2000 [ 50%]  (Sampling)</span>
<span class="r-out co"><span class="r-pr">#&gt;</span> Chain 3: Iteration: 1200 / 2000 [ 60%]  (Sampling)</span>
<span class="r-out co"><span class="r-pr">#&gt;</span> Chain 3: Iteration: 1400 / 2000 [ 70%]  (Sampling)</span>
<span class="r-out co"><span class="r-pr">#&gt;</span> Chain 3: Iteration: 1600 / 2000 [ 80%]  (Sampling)</span>
<span class="r-out co"><span class="r-pr">#&gt;</span> Chain 3: Iteration: 1800 / 2000 [ 90%]  (Sampling)</span>
<span class="r-out co"><span class="r-pr">#&gt;</span> Chain 3: Iteration: 2000 / 2000 [100%]  (Sampling)</span>
<span class="r-out co"><span class="r-pr">#&gt;</span> Chain 3: </span>
<span class="r-out co"><span class="r-pr">#&gt;</span> Chain 3:  Elapsed Time: 0.712 seconds (Warm-up)</span>
<span class="r-out co"><span class="r-pr">#&gt;</span> Chain 3:                0.62 seconds (Sampling)</span>
<span class="r-out co"><span class="r-pr">#&gt;</span> Chain 3:                1.332 seconds (Total)</span>
<span class="r-out co"><span class="r-pr">#&gt;</span> Chain 3: </span>
<span class="r-out co"><span class="r-pr">#&gt;</span> </span>
<span class="r-out co"><span class="r-pr">#&gt;</span> SAMPLING FOR MODEL 'anon_model' NOW (CHAIN 4).</span>
<span class="r-out co"><span class="r-pr">#&gt;</span> Chain 4: </span>
<span class="r-out co"><span class="r-pr">#&gt;</span> Chain 4: Gradient evaluation took 8.2e-05 seconds</span>
<span class="r-out co"><span class="r-pr">#&gt;</span> Chain 4: 1000 transitions using 10 leapfrog steps per transition would take 0.82 seconds.</span>
<span class="r-out co"><span class="r-pr">#&gt;</span> Chain 4: Adjust your expectations accordingly!</span>
<span class="r-out co"><span class="r-pr">#&gt;</span> Chain 4: </span>
<span class="r-out co"><span class="r-pr">#&gt;</span> Chain 4: </span>
<span class="r-out co"><span class="r-pr">#&gt;</span> Chain 4: Iteration:    1 / 2000 [  0%]  (Warmup)</span>
<span class="r-out co"><span class="r-pr">#&gt;</span> Chain 4: Iteration:  200 / 2000 [ 10%]  (Warmup)</span>
<span class="r-out co"><span class="r-pr">#&gt;</span> Chain 4: Iteration:  400 / 2000 [ 20%]  (Warmup)</span>
<span class="r-out co"><span class="r-pr">#&gt;</span> Chain 4: Iteration:  600 / 2000 [ 30%]  (Warmup)</span>
<span class="r-out co"><span class="r-pr">#&gt;</span> Chain 4: Iteration:  800 / 2000 [ 40%]  (Warmup)</span>
<span class="r-out co"><span class="r-pr">#&gt;</span> Chain 4: Iteration: 1000 / 2000 [ 50%]  (Warmup)</span>
<span class="r-out co"><span class="r-pr">#&gt;</span> Chain 4: Iteration: 1001 / 2000 [ 50%]  (Sampling)</span>
<span class="r-out co"><span class="r-pr">#&gt;</span> Chain 4: Iteration: 1200 / 2000 [ 60%]  (Sampling)</span>
<span class="r-out co"><span class="r-pr">#&gt;</span> Chain 4: Iteration: 1400 / 2000 [ 70%]  (Sampling)</span>
<span class="r-out co"><span class="r-pr">#&gt;</span> Chain 4: Iteration: 1600 / 2000 [ 80%]  (Sampling)</span>
<span class="r-out co"><span class="r-pr">#&gt;</span> Chain 4: Iteration: 1800 / 2000 [ 90%]  (Sampling)</span>
<span class="r-out co"><span class="r-pr">#&gt;</span> Chain 4: Iteration: 2000 / 2000 [100%]  (Sampling)</span>
<span class="r-out co"><span class="r-pr">#&gt;</span> Chain 4: </span>
<span class="r-out co"><span class="r-pr">#&gt;</span> Chain 4:  Elapsed Time: 0.713 seconds (Warm-up)</span>
<span class="r-out co"><span class="r-pr">#&gt;</span> Chain 4:                0.658 seconds (Sampling)</span>
<span class="r-out co"><span class="r-pr">#&gt;</span> Chain 4:                1.371 seconds (Total)</span>
<span class="r-out co"><span class="r-pr">#&gt;</span> Chain 4: </span>
<span class="r-in"><span><span class="va">pr</span> <span class="op">&lt;-</span> <span class="fu"><a href="https://rdrr.io/r/stats/predict.html" class="external-link">predict</a></span><span class="op">(</span><span class="va">fit</span>, summary <span class="op">=</span> <span class="cn">FALSE</span><span class="op">)</span></span></span>
<span class="r-in"><span><span class="fu">posterior_table</span><span class="op">(</span><span class="va">pr</span><span class="op">)</span></span></span>
<span class="r-out co"><span class="r-pr">#&gt;</span>        P(Y = 1) P(Y = 2) P(Y = 3) P(Y = 4)</span>
<span class="r-out co"><span class="r-pr">#&gt;</span>   [1,]  0.69575  0.27625  0.02025  0.00775</span>
<span class="r-out co"><span class="r-pr">#&gt;</span>   [2,]  0.70925  0.25875  0.02425  0.00775</span>
<span class="r-out co"><span class="r-pr">#&gt;</span>   [3,]  0.70625  0.26275  0.02100  0.01000</span>
<span class="r-out co"><span class="r-pr">#&gt;</span>   [4,]  0.68825  0.28100  0.01775  0.01300</span>
<span class="r-out co"><span class="r-pr">#&gt;</span>   [5,]  0.70275  0.26550  0.02175  0.01000</span>
<span class="r-out co"><span class="r-pr">#&gt;</span>   [6,]  0.69975  0.26825  0.01850  0.01350</span>
<span class="r-out co"><span class="r-pr">#&gt;</span>   [7,]  0.69925  0.26925  0.02125  0.01025</span>
<span class="r-out co"><span class="r-pr">#&gt;</span>   [8,]  0.69075  0.28025  0.02000  0.00900</span>
<span class="r-out co"><span class="r-pr">#&gt;</span>   [9,]  0.69775  0.26875  0.02325  0.01025</span>
<span class="r-out co"><span class="r-pr">#&gt;</span>  [10,]  0.68800  0.27375  0.02725  0.01100</span>
<span class="r-out co"><span class="r-pr">#&gt;</span>  [11,]  0.68850  0.28125  0.02275  0.00750</span>
<span class="r-out co"><span class="r-pr">#&gt;</span>  [12,]  0.69475  0.27525  0.02200  0.00800</span>
<span class="r-out co"><span class="r-pr">#&gt;</span>  [13,]  0.70500  0.26575  0.01950  0.00975</span>
<span class="r-out co"><span class="r-pr">#&gt;</span>  [14,]  0.70275  0.26900  0.01675  0.01150</span>
<span class="r-out co"><span class="r-pr">#&gt;</span>  [15,]  0.70400  0.26850  0.01675  0.01075</span>
<span class="r-out co"><span class="r-pr">#&gt;</span>  [16,]  0.70875  0.26275  0.02225  0.00625</span>
<span class="r-out co"><span class="r-pr">#&gt;</span>  [17,]  0.70525  0.26200  0.02075  0.01200</span>
<span class="r-out co"><span class="r-pr">#&gt;</span>  [18,]  0.70125  0.26850  0.02000  0.01025</span>
<span class="r-out co"><span class="r-pr">#&gt;</span>  [19,]  0.70525  0.26550  0.01825  0.01100</span>
<span class="r-out co"><span class="r-pr">#&gt;</span>  [20,]  0.69775  0.27375  0.01725  0.01125</span>
<span class="r-out co"><span class="r-pr">#&gt;</span>  [21,]  0.70375  0.26500  0.02125  0.01000</span>
<span class="r-out co"><span class="r-pr">#&gt;</span>  [22,]  0.69750  0.27550  0.01700  0.01000</span>
<span class="r-out co"><span class="r-pr">#&gt;</span>  [23,]  0.71325  0.26050  0.01750  0.00875</span>
<span class="r-out co"><span class="r-pr">#&gt;</span>  [24,]  0.70575  0.26900  0.01675  0.00850</span>
<span class="r-out co"><span class="r-pr">#&gt;</span>  [25,]  0.70100  0.26850  0.02050  0.01000</span>
<span class="r-out co"><span class="r-pr">#&gt;</span>  [26,]  0.69725  0.27200  0.02275  0.00800</span>
<span class="r-out co"><span class="r-pr">#&gt;</span>  [27,]  0.69850  0.27300  0.01825  0.01025</span>
<span class="r-out co"><span class="r-pr">#&gt;</span>  [28,]  0.71125  0.25925  0.02125  0.00825</span>
<span class="r-out co"><span class="r-pr">#&gt;</span>  [29,]  0.69350  0.27400  0.02100  0.01150</span>
<span class="r-out co"><span class="r-pr">#&gt;</span>  [30,]  0.69975  0.27400  0.01925  0.00700</span>
<span class="r-out co"><span class="r-pr">#&gt;</span>  [31,]  0.70325  0.26700  0.01950  0.01025</span>
<span class="r-out co"><span class="r-pr">#&gt;</span>  [32,]  0.69450  0.27100  0.02375  0.01075</span>
<span class="r-out co"><span class="r-pr">#&gt;</span>  [33,]  0.69800  0.27075  0.02250  0.00875</span>
<span class="r-out co"><span class="r-pr">#&gt;</span>  [34,]  0.70350  0.26550  0.01950  0.01150</span>
<span class="r-out co"><span class="r-pr">#&gt;</span>  [35,]  0.70525  0.26650  0.01900  0.00925</span>
<span class="r-out co"><span class="r-pr">#&gt;</span>  [36,]  0.69975  0.26625  0.02450  0.00950</span>
<span class="r-out co"><span class="r-pr">#&gt;</span>  [37,]  0.70325  0.26850  0.02200  0.00625</span>
<span class="r-out co"><span class="r-pr">#&gt;</span>  [38,]  0.71025  0.25900  0.01825  0.01250</span>
<span class="r-out co"><span class="r-pr">#&gt;</span>  [39,]  0.70725  0.26600  0.01725  0.00950</span>
<span class="r-out co"><span class="r-pr">#&gt;</span>  [40,]  0.70150  0.27175  0.01750  0.00925</span>
<span class="r-out co"><span class="r-pr">#&gt;</span>  [41,]  0.68975  0.27875  0.02150  0.01000</span>
<span class="r-out co"><span class="r-pr">#&gt;</span>  [42,]  0.69600  0.27300  0.02100  0.01000</span>
<span class="r-out co"><span class="r-pr">#&gt;</span>  [43,]  0.70025  0.27000  0.01725  0.01250</span>
<span class="r-out co"><span class="r-pr">#&gt;</span>  [44,]  0.69725  0.27525  0.02150  0.00600</span>
<span class="r-out co"><span class="r-pr">#&gt;</span>  [45,]  0.70550  0.26500  0.01925  0.01025</span>
<span class="r-out co"><span class="r-pr">#&gt;</span>  [46,]  0.69400  0.27675  0.01750  0.01175</span>
<span class="r-out co"><span class="r-pr">#&gt;</span>  [47,]  0.70675  0.26300  0.01850  0.01175</span>
<span class="r-out co"><span class="r-pr">#&gt;</span>  [48,]  0.70125  0.26925  0.01925  0.01025</span>
<span class="r-out co"><span class="r-pr">#&gt;</span>  [49,]  0.70500  0.26650  0.01825  0.01025</span>
<span class="r-out co"><span class="r-pr">#&gt;</span>  [50,]  0.69475  0.27325  0.02225  0.00975</span>
<span class="r-out co"><span class="r-pr">#&gt;</span>  [51,]  0.70950  0.25900  0.02275  0.00875</span>
<span class="r-out co"><span class="r-pr">#&gt;</span>  [52,]  0.70225  0.26800  0.01925  0.01050</span>
<span class="r-out co"><span class="r-pr">#&gt;</span>  [53,]  0.68700  0.28425  0.01750  0.01125</span>
<span class="r-out co"><span class="r-pr">#&gt;</span>  [54,]  0.70150  0.26900  0.01925  0.01025</span>
<span class="r-out co"><span class="r-pr">#&gt;</span>  [55,]  0.70475  0.26475  0.02075  0.00975</span>
<span class="r-out co"><span class="r-pr">#&gt;</span>  [56,]  0.70325  0.26725  0.02075  0.00875</span>
<span class="r-out co"><span class="r-pr">#&gt;</span>  [57,]  0.70275  0.26450  0.02300  0.00975</span>
<span class="r-out co"><span class="r-pr">#&gt;</span>  [58,]  0.71200  0.26075  0.01975  0.00750</span>
<span class="r-out co"><span class="r-pr">#&gt;</span>  [59,]  0.70550  0.26775  0.01975  0.00700</span>
<span class="r-out co"><span class="r-pr">#&gt;</span>  [60,]  0.50775  0.43225  0.03950  0.02050</span>
<span class="r-out co"><span class="r-pr">#&gt;</span>  [61,]  0.50050  0.43525  0.04225  0.02200</span>
<span class="r-out co"><span class="r-pr">#&gt;</span>  [62,]  0.51250  0.42425  0.03925  0.02400</span>
<span class="r-out co"><span class="r-pr">#&gt;</span>  [63,]  0.51425  0.41500  0.04825  0.02250</span>
<span class="r-out co"><span class="r-pr">#&gt;</span>  [64,]  0.52900  0.41125  0.04000  0.01975</span>
<span class="r-out co"><span class="r-pr">#&gt;</span>  [65,]  0.50875  0.42425  0.04450  0.02250</span>
<span class="r-out co"><span class="r-pr">#&gt;</span>  [66,]  0.51450  0.41400  0.04925  0.02225</span>
<span class="r-out co"><span class="r-pr">#&gt;</span>  [67,]  0.51675  0.42675  0.03875  0.01775</span>
<span class="r-out co"><span class="r-pr">#&gt;</span>  [68,]  0.51450  0.41900  0.04800  0.01850</span>
<span class="r-out co"><span class="r-pr">#&gt;</span>  [69,]  0.50825  0.42500  0.04900  0.01775</span>
<span class="r-out co"><span class="r-pr">#&gt;</span>  [70,]  0.50300  0.42150  0.05025  0.02525</span>
<span class="r-out co"><span class="r-pr">#&gt;</span>  [71,]  0.50950  0.42800  0.04125  0.02125</span>
<span class="r-out co"><span class="r-pr">#&gt;</span>  [72,]  0.51000  0.42400  0.04700  0.01900</span>
<span class="r-out co"><span class="r-pr">#&gt;</span>  [73,]  0.50875  0.43475  0.03800  0.01850</span>
<span class="r-out co"><span class="r-pr">#&gt;</span>  [74,]  0.51800  0.41275  0.04475  0.02450</span>
<span class="r-out co"><span class="r-pr">#&gt;</span>  [75,]  0.51025  0.41825  0.04925  0.02225</span>
<span class="r-out co"><span class="r-pr">#&gt;</span>  [76,]  0.51275  0.42875  0.04075  0.01775</span>
<span class="r-out co"><span class="r-pr">#&gt;</span>  [77,]  0.51650  0.41650  0.04475  0.02225</span>
<span class="r-out co"><span class="r-pr">#&gt;</span>  [78,]  0.51650  0.42400  0.04100  0.01850</span>
<span class="r-out co"><span class="r-pr">#&gt;</span>  [79,]  0.50450  0.43175  0.04325  0.02050</span>
<span class="r-out co"><span class="r-pr">#&gt;</span>  [80,]  0.51925  0.42050  0.03925  0.02100</span>
<span class="r-out co"><span class="r-pr">#&gt;</span>  [81,]  0.50350  0.42800  0.05025  0.01825</span>
<span class="r-out co"><span class="r-pr">#&gt;</span>  [82,]  0.51175  0.42925  0.04050  0.01850</span>
<span class="r-out co"><span class="r-pr">#&gt;</span>  [83,]  0.52125  0.41600  0.03950  0.02325</span>
<span class="r-out co"><span class="r-pr">#&gt;</span>  [84,]  0.51275  0.42750  0.03775  0.02200</span>
<span class="r-out co"><span class="r-pr">#&gt;</span>  [85,]  0.50525  0.43450  0.04075  0.01950</span>
<span class="r-out co"><span class="r-pr">#&gt;</span>  [86,]  0.51900  0.41800  0.04400  0.01900</span>
<span class="r-out co"><span class="r-pr">#&gt;</span>  [87,]  0.52675  0.40400  0.04750  0.02175</span>
<span class="r-out co"><span class="r-pr">#&gt;</span>  [88,]  0.51875  0.41800  0.04050  0.02275</span>
<span class="r-out co"><span class="r-pr">#&gt;</span>  [89,]  0.49775  0.44275  0.04175  0.01775</span>
<span class="r-out co"><span class="r-pr">#&gt;</span>  [90,]  0.52400  0.41175  0.04025  0.02400</span>
<span class="r-out co"><span class="r-pr">#&gt;</span>  [91,]  0.52725  0.41025  0.04675  0.01575</span>
<span class="r-out co"><span class="r-pr">#&gt;</span>  [92,]  0.49425  0.44225  0.03775  0.02575</span>
<span class="r-out co"><span class="r-pr">#&gt;</span>  [93,]  0.49925  0.43575  0.04475  0.02025</span>
<span class="r-out co"><span class="r-pr">#&gt;</span>  [94,]  0.51225  0.42425  0.04200  0.02150</span>
<span class="r-out co"><span class="r-pr">#&gt;</span>  [95,]  0.51000  0.42300  0.04500  0.02200</span>
<span class="r-out co"><span class="r-pr">#&gt;</span>  [96,]  0.50950  0.42450  0.04275  0.02325</span>
<span class="r-out co"><span class="r-pr">#&gt;</span>  [97,]  0.50425  0.42650  0.04575  0.02350</span>
<span class="r-out co"><span class="r-pr">#&gt;</span>  [98,]  0.51800  0.42225  0.03750  0.02225</span>
<span class="r-out co"><span class="r-pr">#&gt;</span>  [99,]  0.52725  0.40800  0.04550  0.01925</span>
<span class="r-out co"><span class="r-pr">#&gt;</span> [100,]  0.52225  0.41125  0.04675  0.01975</span>
<span class="r-out co"><span class="r-pr">#&gt;</span> [101,]  0.49700  0.43900  0.04525  0.01875</span>
<span class="r-out co"><span class="r-pr">#&gt;</span> [102,]  0.53500  0.40425  0.04200  0.01875</span>
<span class="r-out co"><span class="r-pr">#&gt;</span> [103,]  0.50650  0.42775  0.04350  0.02225</span>
<span class="r-out co"><span class="r-pr">#&gt;</span> [104,]  0.51175  0.42475  0.04375  0.01975</span>
<span class="r-out co"><span class="r-pr">#&gt;</span> [105,]  0.51575  0.42150  0.04350  0.01925</span>
<span class="r-out co"><span class="r-pr">#&gt;</span> [106,]  0.52475  0.41550  0.04125  0.01850</span>
<span class="r-out co"><span class="r-pr">#&gt;</span> [107,]  0.51900  0.42150  0.04025  0.01925</span>
<span class="r-out co"><span class="r-pr">#&gt;</span> [108,]  0.51225  0.41900  0.04325  0.02550</span>
<span class="r-out co"><span class="r-pr">#&gt;</span> [109,]  0.51175  0.43150  0.03950  0.01725</span>
<span class="r-out co"><span class="r-pr">#&gt;</span> [110,]  0.51775  0.42375  0.03900  0.01950</span>
<span class="r-out co"><span class="r-pr">#&gt;</span> [111,]  0.51675  0.42375  0.04025  0.01925</span>
<span class="r-out co"><span class="r-pr">#&gt;</span> [112,]  0.51475  0.43275  0.03700  0.01550</span>
<span class="r-out co"><span class="r-pr">#&gt;</span> [113,]  0.50000  0.43325  0.04325  0.02350</span>
<span class="r-out co"><span class="r-pr">#&gt;</span> [114,]  0.50650  0.43125  0.04250  0.01975</span>
<span class="r-out co"><span class="r-pr">#&gt;</span> [115,]  0.51425  0.42725  0.04000  0.01850</span>
<span class="r-out co"><span class="r-pr">#&gt;</span> [116,]  0.51650  0.41825  0.04400  0.02125</span>
<span class="r-out co"><span class="r-pr">#&gt;</span> [117,]  0.50875  0.43000  0.03925  0.02200</span>
<span class="r-out co"><span class="r-pr">#&gt;</span> [118,]  0.50700  0.42750  0.04225  0.02325</span>
<span class="r-out co"><span class="r-pr">#&gt;</span> [119,]  0.51075  0.41975  0.04925  0.02025</span>
<span class="r-out co"><span class="r-pr">#&gt;</span> [120,]  0.50950  0.42575  0.04525  0.01950</span>
<span class="r-out co"><span class="r-pr">#&gt;</span> [121,]  0.50075  0.43650  0.03775  0.02500</span>
<span class="r-out co"><span class="r-pr">#&gt;</span> [122,]  0.51850  0.42100  0.04100  0.01950</span>
<span class="r-out co"><span class="r-pr">#&gt;</span> [123,]  0.69725  0.27400  0.01900  0.00975</span>
<span class="r-out co"><span class="r-pr">#&gt;</span> [124,]  0.68475  0.28600  0.02225  0.00700</span>
<span class="r-out co"><span class="r-pr">#&gt;</span> [125,]  0.70000  0.26575  0.02450  0.00975</span>
<span class="r-out co"><span class="r-pr">#&gt;</span> [126,]  0.70575  0.26525  0.02075  0.00825</span>
<span class="r-out co"><span class="r-pr">#&gt;</span> [127,]  0.70900  0.26100  0.01975  0.01025</span>
<span class="r-out co"><span class="r-pr">#&gt;</span> [128,]  0.70325  0.27100  0.01875  0.00700</span>
<span class="r-out co"><span class="r-pr">#&gt;</span> [129,]  0.70150  0.26650  0.02125  0.01075</span>
<span class="r-out co"><span class="r-pr">#&gt;</span> [130,]  0.70450  0.26350  0.02175  0.01025</span>
<span class="r-out co"><span class="r-pr">#&gt;</span> [131,]  0.71150  0.26150  0.01825  0.00875</span>
<span class="r-out co"><span class="r-pr">#&gt;</span> [132,]  0.69400  0.27375  0.02200  0.01025</span>
<span class="r-out co"><span class="r-pr">#&gt;</span> [133,]  0.69300  0.27250  0.02300  0.01150</span>
<span class="r-out co"><span class="r-pr">#&gt;</span> [134,]  0.69000  0.27575  0.02525  0.00900</span>
<span class="r-out co"><span class="r-pr">#&gt;</span> [135,]  0.70050  0.26400  0.02425  0.01125</span>
<span class="r-out co"><span class="r-pr">#&gt;</span> [136,]  0.70275  0.27000  0.01975  0.00750</span>
<span class="r-out co"><span class="r-pr">#&gt;</span> [137,]  0.69575  0.27300  0.02150  0.00975</span>
<span class="r-out co"><span class="r-pr">#&gt;</span> [138,]  0.70175  0.26500  0.02325  0.01000</span>
<span class="r-out co"><span class="r-pr">#&gt;</span> [139,]  0.69925  0.26975  0.02150  0.00950</span>
<span class="r-out co"><span class="r-pr">#&gt;</span> [140,]  0.69250  0.28050  0.01925  0.00775</span>
<span class="r-out co"><span class="r-pr">#&gt;</span> [141,]  0.68975  0.27825  0.02475  0.00725</span>
<span class="r-out co"><span class="r-pr">#&gt;</span> [142,]  0.70975  0.25675  0.02225  0.01125</span>
<span class="r-out co"><span class="r-pr">#&gt;</span> [143,]  0.70025  0.26825  0.02175  0.00975</span>
<span class="r-out co"><span class="r-pr">#&gt;</span> [144,]  0.70600  0.26125  0.02225  0.01050</span>
<span class="r-out co"><span class="r-pr">#&gt;</span> [145,]  0.69825  0.27050  0.02300  0.00825</span>
<span class="r-out co"><span class="r-pr">#&gt;</span> [146,]  0.70350  0.26525  0.02100  0.01025</span>
<span class="r-out co"><span class="r-pr">#&gt;</span> [147,]  0.68400  0.28175  0.02225  0.01200</span>
<span class="r-out co"><span class="r-pr">#&gt;</span> [148,]  0.69775  0.26650  0.02600  0.00975</span>
<span class="r-out co"><span class="r-pr">#&gt;</span> [149,]  0.70600  0.27000  0.01675  0.00725</span>
<span class="r-out co"><span class="r-pr">#&gt;</span> [150,]  0.70200  0.26875  0.01925  0.01000</span>
<span class="r-out co"><span class="r-pr">#&gt;</span> [151,]  0.69975  0.27000  0.01950  0.01075</span>
<span class="r-out co"><span class="r-pr">#&gt;</span> [152,]  0.70325  0.26875  0.01525  0.01275</span>
<span class="r-out co"><span class="r-pr">#&gt;</span> [153,]  0.71500  0.25275  0.02050  0.01175</span>
<span class="r-out co"><span class="r-pr">#&gt;</span> [154,]  0.68675  0.27825  0.02450  0.01050</span>
<span class="r-out co"><span class="r-pr">#&gt;</span> [155,]  0.70200  0.26775  0.02100  0.00925</span>
<span class="r-out co"><span class="r-pr">#&gt;</span> [156,]  0.69550  0.27550  0.02000  0.00900</span>
<span class="r-out co"><span class="r-pr">#&gt;</span> [157,]  0.69250  0.27100  0.02550  0.01100</span>
<span class="r-out co"><span class="r-pr">#&gt;</span> [158,]  0.51075  0.42475  0.04475  0.01975</span>
<span class="r-out co"><span class="r-pr">#&gt;</span> [159,]  0.51300  0.42100  0.04325  0.02275</span>
<span class="r-out co"><span class="r-pr">#&gt;</span> [160,]  0.50450  0.42300  0.04850  0.02400</span>
<span class="r-out co"><span class="r-pr">#&gt;</span> [161,]  0.51250  0.42225  0.04375  0.02150</span>
<span class="r-out co"><span class="r-pr">#&gt;</span> [162,]  0.49100  0.45050  0.03750  0.02100</span>
<span class="r-out co"><span class="r-pr">#&gt;</span> [163,]  0.50775  0.42825  0.04075  0.02325</span>
<span class="r-out co"><span class="r-pr">#&gt;</span> [164,]  0.52825  0.40925  0.04450  0.01800</span>
<span class="r-out co"><span class="r-pr">#&gt;</span> [165,]  0.52075  0.42325  0.03800  0.01800</span>
<span class="r-out co"><span class="r-pr">#&gt;</span> [166,]  0.50875  0.42675  0.04025  0.02425</span>
<span class="r-out co"><span class="r-pr">#&gt;</span> [167,]  0.52225  0.41825  0.04200  0.01750</span>
<span class="r-out co"><span class="r-pr">#&gt;</span> [168,]  0.50825  0.42300  0.04475  0.02400</span>
<span class="r-out co"><span class="r-pr">#&gt;</span> [169,]  0.51200  0.42950  0.03725  0.02125</span>
<span class="r-out co"><span class="r-pr">#&gt;</span> [170,]  0.51175  0.42950  0.04225  0.01650</span>
<span class="r-out co"><span class="r-pr">#&gt;</span> [171,]  0.68725  0.27975  0.02175  0.01125</span>
<span class="r-out co"><span class="r-pr">#&gt;</span> [172,]  0.68300  0.27875  0.02625  0.01200</span>
<span class="r-out co"><span class="r-pr">#&gt;</span> [173,]  0.69275  0.27575  0.02225  0.00925</span>
<span class="r-out co"><span class="r-pr">#&gt;</span> [174,]  0.70475  0.27325  0.01325  0.00875</span>
<span class="r-out co"><span class="r-pr">#&gt;</span> [175,]  0.69450  0.27100  0.02225  0.01225</span>
<span class="r-out co"><span class="r-pr">#&gt;</span> [176,]  0.69250  0.27400  0.02150  0.01200</span>
<span class="r-out co"><span class="r-pr">#&gt;</span> [177,]  0.71425  0.25750  0.01900  0.00925</span>
<span class="r-out co"><span class="r-pr">#&gt;</span> [178,]  0.69675  0.27100  0.02275  0.00950</span>
<span class="r-out co"><span class="r-pr">#&gt;</span> [179,]  0.69900  0.26550  0.02325  0.01225</span>
